12924
-21884
25980
14972
19836
-19836
-780
1308
7932
15996
24956
29052
30076
25980
16764
6908
-6908
-16764
-24956
-29052
-29052
-24956
-16764
-6396
6396
16764
24956
29052
30076
25980
16764
6908
-6908
-16764
-24956
-29052
-29052
-24956
-16764
-6396
6396
16764
24956
29052
30076
25980
16764
6908
-6908
-16764
-24956
-29052
-29052
-24956
-16764
-6396
6396
16764
24956
29052
30076
25980
16764
6908
-6908
-16764
-24956
-29052
-29052
-24956
-16764
-6396
6396
16764
24956
29052
30076
25980
16764
6908
-6908
-16764
-24956
-29052
-29052
-24956
-16764
-6396
6396
16764
24956
29052
30076
25980
16764
6908
-6908
-16764
-24956
-29052
-29052
-24956
-16764
-6396
6396
16764
24956
29052
30076
25980
16764
6908
-6908
-16764
-24956
-29052
-29052
-24956
-16764
-6396
6396
16764
24956
29052
30076
25980
16764
6908
-6908
-16764
-24956
-29052
-29052
-24956
-16764
-6396
6396
16764
24956
29052
30076
25980
16764
6908
-6908
-16764
-24956
-29052
-29052
-24956
-16764
-6396
6396
16764
24956
29052
30076
25980
16764
6908
-18812
13948
-31100
31100
-22908
10876
11388
-6396
6396
16764
24956
29052
30076
25980
16764
6908
-6908
-16764
-24956
-29052
-29052
-24956
-16764
-6396
6396
16764
24956
29052
30076
25980
16764
6908
-6908
-16764
-24956
-29052
-29052
-24956
-16764
-6396
6396
16764
24956
29052
30076
25980
16764
6908
-6908
-16764
-24956
-29052
-29052
-24956
-16764
-6396
6396
16764
24956
29052
30076
25980
16764
6908
-6908
-16764
-24956
-29052
-29052
-24956
-16764
-6396
6396
16764
24956
29052
30076
25980
16764
6908
-6908
-16764
-24956
-29052
-29052
-24956
-16764
-6396
6396
16764
24956
29052
30076
25980
16764
6908
-6908
-16764
-24956
-29052
-29052
-24956
-16764
-6396
6396
16764
24956
29052
30076
25980
16764
6908
-6908
-16764
-24956
-29052
-29052
-24956
-16764
-6396
6396
16764
24956
29052
30076
25980
16764
6908
-6908
-16764
-24956
-29052
-29052
-24956
-16764
-6396
6396
16764
24956
29052
30076
25980
16764
6908
-6908
-16764
-24956
-29052
-29052
-24956
-16764
-6396
6396
16764
24956
29052
30076
25980
16764
6908
-18812
13948
-31100
31100
-22908
10876
11388
-6396
6396
16764
24956
29052
30076
25980
16764
6908
-6908
-16764
-24956
-29052
-29052
-24956
-16764
-6396
6396
16764
24956
29052
30076
25980
16764
6908
-6908
-16764
-24956
-29052
-29052
-24956
-16764
-6396
6396
16764
24956
29052
30076
25980
16764
6908
-6908
-16764
-24956
-29052
-29052
-24956
-16764
-6396
6396
16764
24956
29052
30076
25980
16764
6908
-6908
-16764
-24956
-29052
-29052
-24956
-16764
-6396
6396
16764
24956
29052
30076
25980
16764
6908
-6908
-16764
-24956
-29052
-29052
-24956
-16764
-6396
6396
16764
24956
29052
30076
25980
16764
6908
-6908
-16764
-24956
-29052
-29052
-24956
-16764
-6396
6396
16764
24956
29052
30076
25980
16764
6908
-6908
-16764
-24956
-29052
-29052
-24956
-16764
-6396
6396
16764
24956
29052
30076
25980
16764
6908
-6908
-16764
-24956
-29052
-29052
-24956
-16764
-6396
6396
16764
24956
29052
30076
25980
16764
6908
-6908
-16764
-24956
-29052
-29052
-24956
-16764
-6396
6396
16764
24956
29052
30076
25980
16764
6908
-18812
13948
-31100
31100
-22908
10876
11388
-6396
6396
16764
24956
29052
30076
25980
16764
6908
-6908
-16764
-24956
-29052
-29052
-24956
-16764
-6396
6396
16764
24956
29052
30076
25980
16764
6908
-6908
-16764
-24956
-29052
-29052
-24956
-16764
-6396
6396
16764
24956
29052
30076
25980
16764
6908
-6908
-16764
-24956
-29052
-29052
-24956
-16764
-6396
6396
16764
24956
29052
30076
25980
16764
6908
-6908
-16764
-24956
-29052
-29052
-24956
-16764
-6396
6396
16764
24956
29052
30076
25980
16764
6908
-6908
-16764
-24956
-29052
-29052
-24956
-16764
-6396
6396
16764
24956
29052
30076
25980
16764
6908
-6908
-16764
-24956
-29052
-29052
-24956
-16764
-6396
6396
16764
24956
29052
30076
25980
16764
6908
-6908
-16764
-24956
-29052
-29052
-24956
-16764
-6396
6396
16764
24956
29052
30076
25980
16764
6908
-6908
-16764
-24956
-29052
-29052
-24956
-16764
-6396
6396
16764
24956
29052
30076
25980
16764
6908
-6908
-16764
-24956
-29052
-29052
-24956
-16764
-6396
6396
16764
24956
29052
30076
25980
16764
6908
-18812
13948
-31100
31100
-22908
10876
11388
-6396
6396
16764
24956
29052
30076
25980
16764
6908
-6908
-16764
-24956
-29052
-29052
-24956
-16764
-6396
6396
16764
24956
29052
30076
25980
16764
6908
-6908
-16764
-24956
-29052
-29052
-24956
-16764
-6396
6396
16764
24956
29052
30076
25980
16764
6908
-6908
-16764
-24956
-29052
-29052
-24956
-16764
-6396
6396
16764
24956
29052
30076
25980
16764
6908
-6908
-16764
-24956
-29052
-29052
-24956
-16764
-6396
6396
16764
24956
29052
30076
25980
16764
6908
-6908
-16764
-24956
-29052
-29052
-24956
-16764
-6396
6396
16764
24956
29052
30076
25980
16764
6908
-6908
-16764
-24956
-29052
-29052
-24956
-16764
-6396
6396
16764
24956
29052
30076
25980
16764
6908
-6908
-16764
-24956
-29052
-29052
-24956
-16764
-6396
6396
16764
24956
29052
30076
25980
16764
6908
-6908
-16764
-24956
-29052
-29052
-24956
-16764
-6396
6396
16764
24956
29052
30076
25980
16764
6908
-6908
-16764
-24956
-29052
-29052
-24956
-16764
-6396
6396
16764
24956
29052
30076
25980
16764
6908
